y_i,y_s
16.909639,5.105517
16.526284,10.978492
15.456611,4.938215
10.790547,8.355658
10.164494,7.881819
8.130459,4.622924
6.302346,5.764087
4.37573,10.557021
4.100476,4.75205
3.913543,4.74429
3.754683,2.563346
3.752579,3.947659
3.673856,3.501912
3.583277,3.430709
3.490143,5.278938
3.225286,4.043785
3.205356,4.025047
3.185168,4.90622
3.149609,4.268246
2.972956,4.09759
2.858995,3.473029
2.764602,4.28727
2.645952,4.035698
2.577422,2.731757
2.555072,3.581196
2.47311,2.209625
2.456538,4.357901
2.437542,2.734595
2.415796,2.198833
2.408235,3.095638
2.408235,3.193236
2.408235,2.945231
2.398165,3.115263
2.398165,3.111584
2.398165,3.166412
2.386685,3.918144
2.386685,3.565317
2.380102,2.675047
2.36795,2.960749
2.36795,3.443989
2.36795,3.020963
2.36795,3.890026
2.36795,2.991295
2.36795,3.668839
2.36795,3.057868
2.36795,2.967184
2.357877,3.001118
2.357877,3.08412
2.357877,3.11195
2.357877,3.164908
2.357877,3.035099
2.347803,3.613019
2.337728,3.060507
2.337728,3.443009
2.337728,3.080941
2.337728,3.025797
2.316151,2.817208
2.316151,3.098236
2.316151,3.680617
2.306071,3.047211
2.306071,2.922102
2.306071,2.910444
2.306071,2.990514
2.295991,2.771248
2.295991,3.329044
2.295991,2.931638
2.295991,3.24856
2.277263,2.896897
2.277263,2.839626
2.277263,2.878616
2.267183,2.989493
2.267183,2.885722
2.267183,3.261393
2.267183,2.962392
2.267183,2.950415
2.257101,2.659032
2.257101,3.366021
2.257101,2.881603
2.257101,4.369029
2.257101,3.785873
2.257101,3.25932
2.257101,2.847805
2.257101,2.910274
2.255659,2.821106
2.251833,2.939488
2.245574,2.788941
2.245574,3.537656
2.245574,4.06152
2.245574,3.621976
2.245574,4.024448
2.245574,3.307376
2.245574,3.623196
2.245574,3.039544
2.235488,2.824329
2.235488,2.797737
2.235488,2.85269
2.225401,2.86057
2.225401,3.039267
2.215313,2.777215
2.205224,3.418167
2.205224,3.149
2.205224,2.762016
2.188044,2.810477
2.186505,2.707825
2.186505,2.71072
2.176416,2.63551
2.176416,2.818907
2.176416,2.904569
2.176416,3.274293
2.176416,2.863798
2.176416,2.597489
2.176416,2.624003
2.176416,2.616672
2.172741,1.892905
2.166326,2.688641
2.166326,2.715005
2.166326,2.733812
2.159021,2.890591
2.156235,2.729534
2.156235,2.755487
2.156235,2.672884
2.156235,2.642478
2.156235,3.299277
2.146142,2.517458
2.146142,2.915156
2.146142,2.512219
2.146142,2.865512
2.146142,2.567754
2.146142,2.695095
2.136049,2.856562
2.136049,2.645382
2.136049,4.81503
2.136049,2.688636
2.136049,2.966838
2.127426,2.828983
2.127426,2.467124
2.117334,2.610919
2.115882,2.404612
2.10724,3.32781
2.10724,2.554941
2.10724,2.747597
2.10724,2.57717
2.10724,2.829218
2.10724,2.615676
2.10724,2.555289
2.088525,2.332554
2.078431,2.532937
2.078431,2.534327
2.078431,2.572029
2.078431,2.734371
2.068336,2.520699
2.068336,4.204725
2.068336,2.647398
2.05824,2.334017
2.05824,2.493167
2.05824,2.460935
2.05824,2.814589
2.05824,4.444746
2.05824,2.510166
2.05824,2.486898
2.05824,2.508772
2.048478,5.120696
2.044187,1.887354
2.039527,2.438954
2.039527,2.414406
2.039527,3.070094
2.039527,2.637089
2.039527,2.462895
2.039527,2.434537
2.029431,2.913062
2.029431,2.40624
2.029431,3.094779
2.029431,3.01172
2.020641,3.798328
2.000622,3.406217
2.000622,3.499084
1.993296,2.451362
1.990524,2.372885
1.990524,2.451273
1.990524,2.517301
1.990524,3.33988
1.990524,2.821038
1.990524,2.834239
1.977661,2.968583
1.971813,3.495734
1.971813,2.501601
1.961715,3.387871
1.961715,2.789376
1.961715,2.26157
1.961715,2.696564
1.961715,3.746658
1.961715,3.238
1.951616,2.225139
1.951616,3.075939
1.943003,2.707323
1.932905,2.277204
1.932905,2.708969
1.914194,2.812155
1.914194,3.428815
1.914194,3.492958
1.904096,3.963183
1.904096,3.05861
1.904096,5.229668
1.904096,2.875481
1.904096,3.221308
1.904096,3.085792
1.904096,2.135888
1.904096,2.298152
1.904096,2.2438
1.904096,2.222582
1.904096,2.237611
1.895482,2.642983
1.895482,2.93547
1.887904,1.942163
1.885385,2.342568
1.885385,2.191904
1.885385,2.880978
1.875286,2.18629
1.875286,2.161721
1.875286,2.130817
1.875286,3.147259
1.875286,2.18079
1.875286,2.178639
1.875286,2.750664
1.875286,2.79361
1.868523,5.658318
1.866673,2.898159
1.866673,2.055202
1.866673,2.145954
1.866673,2.17251
1.856575,2.976459
1.856575,2.123988
1.856575,2.087524
1.856575,2.220996
1.856575,1.807129
1.84796,3.447434
1.846476,2.052134
1.846476,2.08283
1.846476,2.081021
1.838133,3.908801
1.827766,2.482469
1.820625,3.70582
1.819151,3.487989
1.819151,2.062441
1.819151,3.855781
1.819151,2.046555
1.819151,2.100765
1.819151,3.414496
1.819151,2.391183
1.817667,2.990602
1.809054,2.062285
1.809054,2.089228
1.809054,2.023444
1.800437,2.11765
1.800437,3.570995
1.800437,3.428536
1.798956,3.232129
1.790342,2.0552
1.790117,5.023985
1.780245,2.147751
1.780245,3.501445
1.780245,2.618379
1.771629,3.58022
1.771629,2.398266
1.771629,2.006711
1.771629,4.070162
1.771629,2.296848
1.771629,3.358325
1.761533,1.918973
1.761533,2.180988
1.761533,1.954418
1.761533,2.582541
1.761533,2.836644
1.752914,3.00114
1.752914,1.877401
1.74282,1.837706
1.734199,2.097798
1.734199,1.769267
1.734199,1.842827
1.734199,1.976061
1.724106,4.162268
1.724106,3.89675
1.724106,1.933519
1.724106,4.218527
1.724106,3.167025
1.715483,4.413374
1.715483,1.897157
1.715483,2.464496
1.715483,3.142303
1.715483,1.832646
1.715483,2.945823
1.715483,2.908207
1.70539,2.279084
1.70539,1.895766
1.696765,4.241612
1.696765,2.89798
1.696765,2.693804
1.696765,2.687491
1.696765,2.022072
1.696765,3.911453
1.696765,3.849102
1.695297,3.347799
1.686674,3.537243
1.678047,2.324998
1.676582,2.055692
1.676582,1.856382
1.676582,1.80515
1.676582,2.577006
1.676582,2.275525
1.676582,2.093688
1.667957,2.344731
1.667957,1.80426
1.662864,5.355888
1.659327,2.780888
1.649238,1.81786
1.649238,4.170998
1.649238,1.803165
1.640606,1.743516
1.640606,3.634363
1.640606,2.83472
1.640606,3.056595
1.640606,2.430358
1.639149,1.775201
1.630519,3.26547
1.630519,3.217462
1.621884,1.692647
1.621884,1.724112
1.621884,2.223238
1.621884,3.256634
1.621884,3.041798
1.621884,3.57744
1.621884,2.433571
1.621884,1.507775
1.62043,1.739267
1.611798,1.717863
1.611798,2.904442
1.611798,5.027784
1.603161,1.818082
1.603161,3.563598
1.603161,2.826716
1.603161,3.342941
1.601711,1.601234
1.593076,3.520246
1.593076,2.725274
1.593076,3.082798
1.584436,4.243725
1.584436,3.192367
1.574353,1.686683
1.574353,1.59546
1.574353,1.709207
1.574353,3.568321
1.574353,1.69298
1.574353,3.280755
1.574353,2.22797
1.574353,1.665133
1.574353,2.571387
1.565711,5.570611
1.557063,2.747262
1.557063,4.272365
1.557063,4.628767
1.557063,3.017916
1.557063,3.209462
1.557063,3.417956
1.557063,4.311811
1.555628,1.510643
1.546983,1.602442
1.546983,3.461238
1.546983,4.582716
1.546983,1.677645
1.538333,2.477244
1.538333,2.534866
1.538333,3.462855
1.528255,2.933711
1.528255,1.898015
1.528255,2.783776
1.528255,5.303252
1.528255,3.494707
1.528255,2.664069
1.519602,4.240935
1.519602,2.744428
1.519602,1.877561
1.519136,2.804268
1.518175,2.786861
1.509525,5.931062
1.509525,2.173356
1.509525,1.734683
1.509525,1.591344
1.509525,4.205174
1.509525,2.278335
1.500869,2.795497
1.500869,1.583223
1.500869,4.630173
1.500869,1.585424
1.500869,3.79431
1.500869,2.528225
1.500869,3.774999
1.490793,2.355307
1.490793,2.685196
1.490793,1.74444
1.490793,3.365562
1.490793,3.16535
1.490793,2.515061
1.482134,1.499919
1.482134,2.048382
1.47347,3.56109
1.47347,2.85784
1.47347,4.916137
1.47206,2.976702
1.469682,3.324586
1.463398,1.528009
1.463398,1.66499
1.463398,3.376084
1.463398,3.1934
1.463398,4.376485
1.463398,2.823853
1.463398,3.678067
1.463398,3.753834
1.454731,4.763835
1.454731,2.705413
1.454731,1.691322
1.454731,3.430966
1.453738,4.458683
1.44562,3.414244
1.444661,1.548612
1.444661,1.489475
1.444661,2.557708
1.444661,2.697784
1.444661,4.907035
1.444661,2.374258
1.444661,3.770024
1.43599,1.499511
1.43599,2.612636
1.425921,2.4573
1.425921,2.861419
1.425921,3.772722
1.421361,6.069726
1.417247,2.538631
1.417247,3.310102
1.408567,3.957112
1.408567,3.152382
1.408567,2.961957
1.408567,4.205965
1.408567,2.234541
1.408567,3.136587
1.408567,1.247615
1.398503,2.17301
1.389819,2.73843
1.389819,4.236565
1.389819,3.502302
1.389819,1.750484
1.389819,2.543422
1.38113,3.014358
1.38113,2.874083
1.38113,3.730093
1.38113,2.556033
1.38113,5.268087
1.38113,2.75079
1.38113,1.846837
1.372215,3.5439
1.37107,5.326602
1.37107,3.133766
1.362377,2.426887
1.362377,1.337484
1.362377,2.542464
1.362377,3.72309
1.362377,4.010004
1.362377,2.746455
1.362377,2.262939
1.362377,1.405212
1.352318,1.313396
1.352318,1.330722
1.352318,2.296093
1.352318,2.848966
1.352318,2.959621
1.352318,2.969683
1.352318,1.960954
1.343621,3.539945
1.343621,3.092273
1.343621,2.92491
1.343621,2.251567
1.334918,3.787276
1.334918,1.742099
1.334918,3.333936
1.330958,1.42617
1.330958,1.23624
1.324863,2.339729
1.324863,2.876001
1.324863,3.586046
1.324863,2.674947
1.316157,2.503619
1.316157,1.911276
1.316157,3.598505
1.316157,3.135557
1.307444,1.832989
1.297393,3.184305
1.297393,1.697153
1.297393,2.403939
1.297393,3.631326
1.297393,4.048834
1.297393,3.241254
1.297393,2.395744
1.297393,2.19202
1.288676,3.862758
1.288676,3.707218
1.288676,1.302745
1.288676,1.34688
1.288676,3.251322
1.288676,3.039813
1.288676,2.843291
1.288676,3.001366
1.279952,4.774501
1.279952,3.639221
1.279952,3.969284
1.279952,1.689036
1.279952,3.311427
1.279952,1.953944
1.279952,1.299024
1.269905,2.461856
1.269905,3.398799
1.269905,1.781473
1.269905,3.425165
1.261177,3.910144
1.261177,1.443853
1.252443,3.752111
1.252443,2.734381
1.252443,5.573695
1.252443,3.417114
1.2424,3.52543
1.2424,1.927543
1.233661,1.793652
1.233661,1.987359
1.233661,3.283903
1.233661,3.384325
1.233661,2.470412
1.214876,3.074429
1.214876,3.600667
1.214876,3.107686
1.214876,2.378633
1.214876,3.04311
1.214876,3.5735
1.206125,4.297381
1.206125,2.053187
1.206125,1.599913
1.206125,2.252516
1.206125,1.511478
1.197367,1.189401
1.197367,1.486724
1.197367,3.035261
1.197367,1.992017
1.187332,2.687431
1.187332,2.644043
1.187332,2.495002
1.187332,4.139836
1.178569,1.509444
1.178569,3.522379
1.178569,2.568316
1.178569,2.28735
1.178569,2.603511
1.178569,1.031834
1.169799,5.712442
1.169799,2.170161
1.169799,3.188324
1.169799,3.091057
1.169799,1.699008
1.169799,2.644366
1.169799,1.96079
1.169799,1.297117
1.159768,3.093953
1.159768,2.317549
1.159768,2.412643
1.159768,4.075165
1.150993,1.548329
1.150993,3.459686
1.13342,3.968959
1.13342,2.123278
1.13342,2.350802
1.13342,2.452623
1.123394,3.033828
1.123394,1.925392
1.123394,2.760212
1.123394,4.214111
1.114599,1.977826
1.114599,1.774523
1.114599,3.259406
1.114599,3.018783
1.105795,3.075879
1.105795,3.00429
1.105795,2.129643
1.105795,1.684208
1.095773,2.758157
1.095773,3.389609
1.095773,3.161893
1.095773,2.046826
1.086963,1.534005
1.086963,1.020179
1.086963,2.30086
1.086963,1.370314
1.078146,3.792221
1.078146,2.930379
1.068127,3.355509
1.068127,4.59482
1.068127,2.765936
1.068127,1.990201
1.068127,1.892632
1.041632,3.350251
1.041632,2.640791
1.041632,3.659626
1.031617,2.808773
1.019785,3.604936
1.013916,1.852946
1.013916,4.423069
1.013916,3.145784
1.013916,1.935531
1.003904,3.089363
1.003904,3.531708
1.003904,4.804655
1,1
0.995041,2.320527
0.995041,2.887941
0.995041,4.116312
0.995041,1.80086
0.98617,15.961776
0.98617,2.741157
0.98617,3.528782
0.981681,17.502228
0.976161,3.998011
0.958395,1.468285
0.949498,2.072055
0.930587,2.310771
0.921672,2.384969
0.912748,3.159636
0.902745,2.948218
0.902745,2.247673
0.875916,2.992436
0.875916,2.479452
0.875916,1.809445
0.875916,2.359074
0.875916,2.632651
0.866952,3.188282
0.856952,2.246617
0.856952,1.691342
0.828995,3.681781
0.82,2.485021
0.818994,2.454894
0.818994,2.518709
0.806949,1.721318
0.806949,2.044108
0.80379,1.846227
0.80379,1.666529
0.793787,1.743899
0.793787,1.95959
0.792708,2.261527
0.792708,2.71972
0.77938,2.927183
0.77938,1.396597
0.77938,2.229087
0.747187,1.46098
0.734466,1.748736
0.663918,1.896795
0.661813,2.443562